1000 0.0000080000
2000 0.0000130000
3000 0.0000190000
4000 0.0000250000
5000 0.0000310000
6000 0.0000360000
7000 0.0000420000
8000 0.0000480000
9000 0.0000550000
10000 0.0000610000
11000 0.0000660000
12000 0.0000710000
13000 0.0000780000
14000 0.0000840000
15000 0.0000900000
16000 0.0000960000
17000 0.0001010000
18000 0.0001070000
19000 0.0001140000
20000 0.0001200000
21000 0.0001250000
22000 0.0001300000
23000 0.0001370000
24000 0.0001430000
25000 0.0001480000
26000 0.0001550000
27000 0.0001610000
28000 0.0001730000
29000 0.0001710000
30000 0.0001870000
31000 0.0001850000
32000 0.0001900000
33000 0.0001940000
34000 0.0002020000
35000 0.0002050000
36000 0.0002120000
37000 0.0002340000
38000 0.0002240000
39000 0.0002290000
40000 0.0002350000
41000 0.0002440000
42000 0.0002470000
43000 0.0002520000
44000 0.0002590000
45000 0.0002650000
46000 0.0002700000
47000 0.0002760000
48000 0.0002950000
49000 0.0002880000
50000 0.0002940000
51000 0.0003020000
52000 0.0003050000
53000 0.0003120000
54000 0.0003200000
55000 0.0003230000
56000 0.0003280000
57000 0.0003350000
58000 0.0003480000
59000 0.0003570000
60000 0.0003620000
61000 0.0003680000
62000 0.0003680000
63000 0.0003700000
64000 0.0003750000
65000 0.0003810000
66000 0.0003910000
67000 0.0003930000
68000 0.0004020000
69000 0.0004050000
70000 0.0004200000
71000 0.0004170000
72000 0.0004220000
73000 0.0004280000
74000 0.0004390000
75000 0.0004400000
76000 0.0004500000
77000 0.0004530000
78000 0.0004680000
79000 0.0004630000
80000 0.0004690000
81000 0.0004820000
82000 0.0004820000
83000 0.0004880000
84000 0.0004990000
85000 0.0004980000
86000 0.0005030000
87000 0.0005100000
88000 0.0005250000
89000 0.0005220000
90000 0.0005350000
91000 0.0005330000
92000 0.0005450000
93000 0.0005450000
94000 0.0005580000
95000 0.0005600000
96000 0.0005920000
97000 0.0005710000
98000 0.0005840000
99000 0.0005850000
100000 0.0005890000
