1000 0.0000510000
2000 0.0000810000
3000 0.0001130000
4000 0.0001440000
5000 0.0001760000
6000 0.0002080000
7000 0.0002400000
8000 0.0002720000
9000 0.0003050000
10000 0.0003370000
11000 0.0003760000
12000 0.0004010000
13000 0.0004330000
14000 0.0004650000
15000 0.0004970000
16000 0.0005340000
17000 0.0005620000
18000 0.0005940000
19000 0.0006260000
20000 0.0006590000
21000 0.0006910000
22000 0.0007220000
23000 0.0007550000
24000 0.0007890000
25000 0.0008340000
26000 0.0008540000
27000 0.0008820000
28000 0.0009170000
29000 0.0009670000
30000 0.0009890000
31000 0.0010120000
32000 0.0010540000
33000 0.0010780000
34000 0.0011170000
35000 0.0011440000
36000 0.0011720000
37000 0.0012050000
38000 0.0012380000
39000 0.0012810000
40000 0.0012990000
41000 0.0013350000
42000 0.0013810000
43000 0.0013970000
44000 0.0014320000
45000 0.0014730000
46000 0.0014920000
47000 0.0015250000
48000 0.0015700000
49000 0.0015990000
50000 0.0016250000
51000 0.0016580000
52000 0.0016820000
53000 0.0017480000
54000 0.0017660000
55000 0.0017880000
56000 0.0018150000
57000 0.0018480000
58000 0.0018770000
59000 0.0019070000
60000 0.0019410000
61000 0.0019840000
62000 0.0020150000
63000 0.0020450000
64000 0.0020820000
65000 0.0021080000
66000 0.0021380000
67000 0.0021720000
68000 0.0022030000
69000 0.0022310000
70000 0.0022650000
71000 0.0022920000
72000 0.0023290000
73000 0.0023730000
74000 0.0024010000
75000 0.0024640000
76000 0.0024570000
77000 0.0024810000
78000 0.0025270000
79000 0.0025530000
80000 0.0025820000
81000 0.0026190000
82000 0.0026550000
83000 0.0026850000
84000 0.0027150000
85000 0.0027400000
86000 0.0027790000
87000 0.0028090000
88000 0.0028430000
89000 0.0028840000
90000 0.0028990000
91000 0.0029340000
92000 0.0029650000
93000 0.0030180000
94000 0.0030430000
95000 0.0030680000
96000 0.0031010000
97000 0.0031300000
98000 0.0032300000
99000 0.0031980000
100000 0.0032300000
