1000 0.0000020000
2000 0.0000010000
3000 0.0000010000
4000 0.0000010000
5000 0.0000010000
6000 0.0000010000
7000 0.0000000000
8000 0.0000010000
9000 0.0000000000
10000 0.0000010000
11000 0.0000010000
12000 0.0000010000
13000 0.0000010000
14000 0.0000010000
15000 0.0000010000
16000 0.0000010000
17000 0.0000010000
18000 0.0000010000
19000 0.0000010000
20000 0.0000010000
21000 0.0000010000
22000 0.0000010000
23000 0.0000010000
24000 0.0000010000
25000 0.0000010000
26000 0.0000010000
27000 0.0000010000
28000 0.0000010000
29000 0.0000010000
30000 0.0000010000
31000 0.0000010000
32000 0.0000010000
33000 0.0000010000
34000 0.0000010000
35000 0.0000010000
36000 0.0000010000
37000 0.0000010000
38000 0.0000010000
39000 0.0000010000
40000 0.0000010000
41000 0.0000010000
42000 0.0000010000
43000 0.0000020000
44000 0.0000010000
45000 0.0000010000
46000 0.0000010000
47000 0.0000010000
48000 0.0000010000
49000 0.0000010000
50000 0.0000010000
51000 0.0000010000
52000 0.0000010000
53000 0.0000010000
54000 0.0000000000
55000 0.0000010000
56000 0.0000010000
57000 0.0000010000
58000 0.0000010000
59000 0.0000010000
60000 0.0000020000
61000 0.0000010000
62000 0.0000010000
63000 0.0000010000
64000 0.0000010000
65000 0.0000010000
66000 0.0000010000
67000 0.0000010000
68000 0.0000010000
69000 0.0000010000
70000 0.0000010000
71000 0.0000010000
72000 0.0000010000
73000 0.0000010000
74000 0.0000010000
75000 0.0000020000
76000 0.0000010000
77000 0.0000000000
78000 0.0000010000
79000 0.0000010000
80000 0.0000010000
81000 0.0000010000
82000 0.0000010000
83000 0.0000010000
84000 0.0000010000
85000 0.0000010000
86000 0.0000010000
87000 0.0000010000
88000 0.0000010000
89000 0.0000010000
90000 0.0000010000
91000 0.0000010000
92000 0.0000010000
93000 0.0000010000
94000 0.0000010000
95000 0.0000010000
96000 0.0000010000
97000 0.0000010000
98000 0.0000010000
99000 0.0000010000
100000 0.0000010000
