1000 0.0000330000
2000 0.0000610000
3000 0.0000910000
4000 0.0001220000
5000 0.0001520000
6000 0.0001820000
7000 0.0002130000
8000 0.0002560000
9000 0.0002730000
10000 0.0003040000
11000 0.0003350000
12000 0.0003650000
13000 0.0003950000
14000 0.0004330000
15000 0.0004560000
16000 0.0004860000
17000 0.0005160000
18000 0.0005530000
19000 0.0005770000
20000 0.0006070000
21000 0.0006880000
22000 0.0006690000
23000 0.0007340000
24000 0.0007810000
25000 0.0007580000
26000 0.0007890000
27000 0.0008200000
28000 0.0008500000
29000 0.0008800000
30000 0.0009100000
31000 0.0009400000
32000 0.0009710000
33000 0.0010000000
34000 0.0010310000
35000 0.0010610000
36000 0.0010920000
37000 0.0011220000
38000 0.0011590000
39000 0.0011830000
40000 0.0012800000
41000 0.0012510000
42000 0.0012730000
43000 0.0013030000
44000 0.0013420000
45000 0.0013640000
46000 0.0013950000
47000 0.0014320000
48000 0.0014550000
49000 0.0014850000
50000 0.0015160000
51000 0.0015520000
52000 0.0015830000
53000 0.0016060000
54000 0.0016360000
55000 0.0016680000
56000 0.0017920000
57000 0.0017280000
58000 0.0017650000
59000 0.0017950000
60000 0.0018250000
61000 0.0018560000
62000 0.0018860000
63000 0.0019180000
64000 0.0019470000
65000 0.0021640000
66000 0.0020150000
67000 0.0020540000
68000 0.0021400000
69000 0.0021010000
70000 0.0021240000
71000 0.0021530000
72000 0.0023040000
73000 0.0022190000
74000 0.0022500000
75000 0.0022800000
76000 0.0023110000
77000 0.0023350000
78000 0.0023650000
79000 0.0024030000
80000 0.0024390000
81000 0.0024560000
82000 0.0024940000
83000 0.0025250000
84000 0.0025450000
85000 0.0025760000
86000 0.0026140000
87000 0.0026370000
88000 0.0028230000
89000 0.0027070000
90000 0.0027280000
91000 0.0027860000
92000 0.0027890000
93000 0.0028560000
94000 0.0028490000
95000 0.0028870000
96000 0.0029190000
97000 0.0029490000
98000 0.0029710000
99000 0.0030090000
100000 0.0030300000
